{
 "cells": [
  {
   "cell_type": "code",
   "execution_count": 36,
   "id": "9fae35fd-b4e4-4063-91f5-bbe4074b4445",
   "metadata": {},
   "outputs": [],
   "source": [
    "import importlib, GallenModel, Landslidev2, metrics\n",
    "from typing import Optional\n",
    "importlib.reload(GallenModel)\n",
    "importlib.reload(Landslidev2)\n",
    "importlib.reload(metrics)\n",
    "from tensorflow.keras.callbacks import CSVLogger\n",
    "from sklearn.metrics import confusion_matrix\n",
    "from tensorflow.keras import metrics\n",
    "import tensorflow as tf\n",
    "import json\n",
    "import numpy as np\n",
    "from tensorflow.keras.models import load_model\n",
    "from imblearn.over_sampling import SMOTE\n",
    "from imblearn import pipeline, under_sampling\n",
    "import keras_tuner as kt\n",
    "import sklearn\n",
    "from sklearn.model_selection import GridSearchCV, StratifiedKFold\n",
    "from sklearn.model_selection import train_test_split\n",
    "import os\n",
    "from matplotlib import pyplot as plt\n",
    "import geopandas as gpd\n",
    "import seaborn as sns\n",
    "import shap\n",
    "import pandas as pd\n",
    "from Landslidev2 import CotabatoModel, calculate_newmark\n",
    "from metrics import plot_landslide_distribution, plot_susceptibility_map\n",
    "import time"
   ]
  },
  {
   "cell_type": "code",
   "execution_count": 37,
   "id": "6d4752f2",
   "metadata": {},
   "outputs": [],
   "source": [
    "pd.set_option('display.max_colwidth', None)\n",
    "pd.set_option(\"display.width\", None)\n",
    "pd.set_option(\"display.expand_frame_repr\", False)\n"
   ]
  },
  {
   "cell_type": "code",
   "execution_count": 38,
   "id": "1639d0e2-a848-43aa-896f-1b6fe6c18ee6",
   "metadata": {},
   "outputs": [
    {
     "name": "stdout",
     "output_type": "stream",
     "text": [
      "3.10.0\n"
     ]
    }
   ],
   "source": [
    "print(tf.keras.__version__)"
   ]
  },
  {
   "cell_type": "code",
   "execution_count": 39,
   "id": "443ce266-089f-4a4a-9819-7c488ca00c35",
   "metadata": {},
   "outputs": [
    {
     "name": "stdout",
     "output_type": "stream",
     "text": [
      "Index(['DN', 'BD_mean', 'Clay_mean', 'Sand_mean', 'Silt_mean', 'NDVI_mean',\n",
      "       'Est_mean', 'Nrt_mean', 'HorCurv_mean', 'VertCurv_mean', 'Slope_mean',\n",
      "       'Elev_mean', 'SoilThc_mean', 'DistFlt_min', 'LULC_majority', 'TWI_mean',\n",
      "       'PGA2_max', 'PGA1_max', 'Prc_mean', 'Distrv_min', 'distrd_min',\n",
      "       'Soil Type', 'BUK_mean', 'landslide', 'landslide_probability',\n",
      "       'landslide_preds', 'confusion', 'sus_pinn_landslide',\n",
      "       'sus_pinn_ground truth', 'ds', 'cohesion', 'internal_friction',\n",
      "       'geometry'],\n",
      "      dtype='object')\n",
      "Original Dataframe shape: (57891, 33)\n",
      " Dataframe shape after modifications and cleaning: (57891, 33)\n",
      " Rows that has slope <= 10.5: (0, 33)\n",
      " Dataframe shape after removing slopes < 10.5: (57891, 25)\n"
     ]
    },
    {
     "data": {
      "text/plain": [
       "(Index(['DN', 'BD_mean', 'Clay_mean', 'Sand_mean', 'Silt_mean', 'NDVI_mean',\n",
       "        'Est_mean', 'Nrt_mean', 'HorCurv_mean', 'VertCurv_mean', 'Slope_mean',\n",
       "        'Elev_mean', 'SoilThc_mean', 'DistFlt_min', 'LULC_majority', 'TWI_mean',\n",
       "        'PGA2_max', 'PGA1_max', 'Prc_mean', 'Distrv_min', 'distrd_min',\n",
       "        'Soil Type', 'BUK_mean', 'landslide', 'geometry', 'Soil_Type'],\n",
       "       dtype='object'),\n",
       "    PGA1_max   Prc_mean   Distrv_min   distrd_min  Soil Type   BUK_mean\n",
       " 0  0.225314  234.86586  2058.008545  2042.008789          0  10.484130\n",
       " 1  0.225314  234.86586  2184.032959  2178.003662          0  10.480768\n",
       " 2  0.218405  234.86586  2250.000000  2256.014160          0  10.476539\n",
       " 3  0.202994  234.86586  1198.874512  1187.139404          0  10.921050\n",
       " 4  0.202994  234.86586  1284.056030  1266.570190          0  10.907936,\n",
       " Soil_Type\n",
       " 0    33009\n",
       " 1    24659\n",
       " 2      222\n",
       " 3        1\n",
       " Name: count, dtype: int64)"
      ]
     },
     "execution_count": 39,
     "metadata": {},
     "output_type": "execute_result"
    }
   ],
   "source": [
    "pd.set_option('display.max_colwidth', None)\n",
    "df = gpd.read_file('~/Documents/ml-prep/ML-PREP-2025/learn/data/SU_15_Training.gpkg')\n",
    "print(df.columns)\n",
    "df = df[df['Slope_mean'] > 10.5]\n",
    "print(f\"Original Dataframe shape: {df.shape}\")\n",
    "\n",
    "print(f\" Dataframe shape after modifications and cleaning: {df.shape}\")\n",
    "\n",
    "print(f\" Rows that has slope <= 10.5: {df[df['Slope_mean'] < 10.5].shape}\")\n",
    "df = df[df['Slope_mean'] >= 10.5]\n",
    "\n",
    "# df['landslide'] = df['Landslide']\n",
    "\n",
    "df.drop(columns=['landslide_probability', 'landslide_preds', 'confusion', 'sus_pinn_landslide', 'sus_pinn_ground truth', 'ds', 'cohesion', 'internal_friction'], inplace=True)\n",
    "print(f\" Dataframe shape after removing slopes < 10.5: {df.shape}\")\n",
    "\n",
    "original_df_cols = df.columns\n",
    "df.dropna(subset=list(original_df_cols), inplace=True) #cleans the dataframe by removing null rows for all columns\n",
    "\n",
    "#encode string column to integer\n",
    "df['Soil_Type'], _ = pd.factorize(df['Soil Type'])\n",
    "\n",
    "original_df_cols = df.columns\n",
    "\n",
    "df.columns, df[['PGA1_max', 'Prc_mean', 'Distrv_min', 'distrd_min',\n",
    "       'Soil Type', 'BUK_mean']].head(), df['Soil_Type'].value_counts()"
   ]
  },
  {
   "cell_type": "code",
   "execution_count": 40,
   "id": "3ebc6adb-9fd1-4a81-8b46-8e29cb77dea7",
   "metadata": {},
   "outputs": [
    {
     "data": {
      "text/plain": [
       "(['Clay_mean',\n",
       "  'Sand_mean',\n",
       "  'Silt_mean',\n",
       "  'NDVI_mean',\n",
       "  'Est_mean',\n",
       "  'Nrt_mean',\n",
       "  'HorCurv_mean',\n",
       "  'VertCurv_mean',\n",
       "  'Slope_mean',\n",
       "  'Elev_mean',\n",
       "  'SoilThc_mean',\n",
       "  'DistFlt_min',\n",
       "  'LULC_majority',\n",
       "  'TWI_mean',\n",
       "  'PGA1_max',\n",
       "  'Prc_mean',\n",
       "  'Distrv_min',\n",
       "  'distrd_min',\n",
       "  'BUK_mean',\n",
       "  'landslide',\n",
       "  'Soil_Type'],\n",
       "     Clay_mean   Sand_mean   Silt_mean  NDVI_mean  Est_mean  Nrt_mean  HorCurv_mean  VertCurv_mean  Slope_mean    Elev_mean  ...  DistFlt_min  LULC_majority  TWI_mean  PGA1_max   Prc_mean   Distrv_min   distrd_min   BUK_mean  landslide  Soil_Type\n",
       " 0  360.346280  340.681485  298.954953   0.665530 -0.836117  0.452621      0.000846       0.000460   26.916097  1920.972112  ...  5593.218750            4.0  3.568248  0.225314  234.86586  2058.008545  2042.008789  10.484130          1          0\n",
       " 1  360.539905  341.044167  298.269993   0.515360 -0.642881  0.510736      0.000765       0.000549   30.162405  1948.885717  ...  5535.918945            4.0  3.044424  0.225314  234.86586  2184.032959  2178.003662  10.480768          1          0\n",
       " 2  358.393445  340.194179  301.392539   0.475615 -0.388284  0.865236     -0.006900       0.002413   39.067499  1925.970839  ...  5477.681641            4.0  3.626221  0.218405  234.86586  2250.000000  2256.014160  10.476539          1          0\n",
       " 3  366.153165  332.831341  301.015494   0.787397  0.274677 -0.559830      0.001612      -0.000406   40.482504  1398.288139  ...  3778.954834            4.0  2.589944  0.202994  234.86586  1198.874512  1187.139404  10.921050          1          0\n",
       " 4  360.236476  338.236476  301.527048   0.790155  0.545462 -0.813949      0.003602       0.000275   42.364266  1487.782449  ...  3846.296875            4.0  2.364016  0.202994  234.86586  1284.056030  1266.570190  10.907936          1          0\n",
       " \n",
       " [5 rows x 21 columns])"
      ]
     },
     "execution_count": 40,
     "metadata": {},
     "output_type": "execute_result"
    }
   ],
   "source": [
    "cols_remove = ['DN', 'BD_mean', 'geometry', 'PGA2_max', 'Soil Type']\n",
    "columns = [col for col in list(original_df_cols) if col not in cols_remove]\n",
    "columns, df[columns].head()"
   ]
  },
  {
   "cell_type": "code",
   "execution_count": null,
   "id": "8ffc3cbd-7089-4a8b-bba5-cefc4200d39a",
   "metadata": {},
   "outputs": [],
   "source": []
  },
  {
   "cell_type": "code",
   "execution_count": 41,
   "id": "6858dd81-2f8a-427e-ac2b-13929ddb0779",
   "metadata": {},
   "outputs": [
    {
     "name": "stdout",
     "output_type": "stream",
     "text": [
      "['Clay_mean', 'Sand_mean', 'Silt_mean', 'NDVI_mean', 'Est_mean', 'Nrt_mean', 'HorCurv_mean', 'VertCurv_mean', 'Slope_mean', 'Elev_mean', 'SoilThc_mean', 'DistFlt_min', 'LULC_majority', 'TWI_mean', 'PGA1_max', 'Prc_mean', 'Distrv_min', 'distrd_min', 'BUK_mean', 'Soil_Type']\n"
     ]
    }
   ],
   "source": [
    "cols_remove_for_sampling = ['landslide']\n",
    "sampling_columns = [col for col in columns if col not in cols_remove_for_sampling]\n",
    "print(sampling_columns)"
   ]
  },
  {
   "cell_type": "code",
   "execution_count": 42,
   "id": "43ffe458",
   "metadata": {},
   "outputs": [
    {
     "data": {
      "text/html": [
       "<div>\n",
       "<style scoped>\n",
       "    .dataframe tbody tr th:only-of-type {\n",
       "        vertical-align: middle;\n",
       "    }\n",
       "\n",
       "    .dataframe tbody tr th {\n",
       "        vertical-align: top;\n",
       "    }\n",
       "\n",
       "    .dataframe thead th {\n",
       "        text-align: right;\n",
       "    }\n",
       "</style>\n",
       "<table border=\"1\" class=\"dataframe\">\n",
       "  <thead>\n",
       "    <tr style=\"text-align: right;\">\n",
       "      <th></th>\n",
       "      <th>Clay_mean</th>\n",
       "      <th>Sand_mean</th>\n",
       "      <th>Silt_mean</th>\n",
       "      <th>NDVI_mean</th>\n",
       "      <th>Est_mean</th>\n",
       "      <th>Nrt_mean</th>\n",
       "      <th>HorCurv_mean</th>\n",
       "      <th>VertCurv_mean</th>\n",
       "      <th>Slope_mean</th>\n",
       "      <th>Elev_mean</th>\n",
       "      <th>SoilThc_mean</th>\n",
       "      <th>DistFlt_min</th>\n",
       "      <th>LULC_majority</th>\n",
       "      <th>TWI_mean</th>\n",
       "      <th>PGA1_max</th>\n",
       "      <th>Prc_mean</th>\n",
       "      <th>Distrv_min</th>\n",
       "      <th>distrd_min</th>\n",
       "      <th>BUK_mean</th>\n",
       "      <th>Soil_Type</th>\n",
       "    </tr>\n",
       "  </thead>\n",
       "  <tbody>\n",
       "    <tr>\n",
       "      <th>Clay_mean</th>\n",
       "      <td>1.000000</td>\n",
       "      <td>-0.343836</td>\n",
       "      <td>-0.679170</td>\n",
       "      <td>0.176717</td>\n",
       "      <td>0.023641</td>\n",
       "      <td>-0.061613</td>\n",
       "      <td>0.012705</td>\n",
       "      <td>0.002747</td>\n",
       "      <td>-0.079070</td>\n",
       "      <td>-0.151469</td>\n",
       "      <td>-0.075698</td>\n",
       "      <td>0.239285</td>\n",
       "      <td>0.191900</td>\n",
       "      <td>0.021874</td>\n",
       "      <td>-0.096858</td>\n",
       "      <td>-0.075589</td>\n",
       "      <td>-0.076086</td>\n",
       "      <td>-0.076118</td>\n",
       "      <td>0.298907</td>\n",
       "      <td>0.031595</td>\n",
       "    </tr>\n",
       "    <tr>\n",
       "      <th>Sand_mean</th>\n",
       "      <td>-0.343836</td>\n",
       "      <td>1.000000</td>\n",
       "      <td>-0.455540</td>\n",
       "      <td>0.111674</td>\n",
       "      <td>-0.047792</td>\n",
       "      <td>0.016462</td>\n",
       "      <td>0.004527</td>\n",
       "      <td>0.030659</td>\n",
       "      <td>-0.042944</td>\n",
       "      <td>0.046548</td>\n",
       "      <td>0.168891</td>\n",
       "      <td>-0.203010</td>\n",
       "      <td>0.058274</td>\n",
       "      <td>0.021337</td>\n",
       "      <td>0.117078</td>\n",
       "      <td>0.295438</td>\n",
       "      <td>-0.130352</td>\n",
       "      <td>-0.130540</td>\n",
       "      <td>-0.126250</td>\n",
       "      <td>-0.110115</td>\n",
       "    </tr>\n",
       "    <tr>\n",
       "      <th>Silt_mean</th>\n",
       "      <td>-0.679170</td>\n",
       "      <td>-0.455540</td>\n",
       "      <td>1.000000</td>\n",
       "      <td>-0.255051</td>\n",
       "      <td>0.015104</td>\n",
       "      <td>0.045685</td>\n",
       "      <td>-0.015652</td>\n",
       "      <td>-0.026713</td>\n",
       "      <td>0.108676</td>\n",
       "      <td>0.107509</td>\n",
       "      <td>-0.060073</td>\n",
       "      <td>-0.068090</td>\n",
       "      <td>-0.227681</td>\n",
       "      <td>-0.037263</td>\n",
       "      <td>0.000195</td>\n",
       "      <td>-0.158999</td>\n",
       "      <td>0.174238</td>\n",
       "      <td>0.174417</td>\n",
       "      <td>-0.184735</td>\n",
       "      <td>0.055975</td>\n",
       "    </tr>\n",
       "    <tr>\n",
       "      <th>NDVI_mean</th>\n",
       "      <td>0.176717</td>\n",
       "      <td>0.111674</td>\n",
       "      <td>-0.255051</td>\n",
       "      <td>1.000000</td>\n",
       "      <td>0.018002</td>\n",
       "      <td>-0.034665</td>\n",
       "      <td>-0.056853</td>\n",
       "      <td>-0.053094</td>\n",
       "      <td>-0.006093</td>\n",
       "      <td>-0.131664</td>\n",
       "      <td>-0.031029</td>\n",
       "      <td>-0.055903</td>\n",
       "      <td>0.090246</td>\n",
       "      <td>0.075054</td>\n",
       "      <td>0.108645</td>\n",
       "      <td>-0.016612</td>\n",
       "      <td>-0.081769</td>\n",
       "      <td>-0.082301</td>\n",
       "      <td>0.231954</td>\n",
       "      <td>0.115777</td>\n",
       "    </tr>\n",
       "    <tr>\n",
       "      <th>Est_mean</th>\n",
       "      <td>0.023641</td>\n",
       "      <td>-0.047792</td>\n",
       "      <td>0.015104</td>\n",
       "      <td>0.018002</td>\n",
       "      <td>1.000000</td>\n",
       "      <td>0.045610</td>\n",
       "      <td>0.038519</td>\n",
       "      <td>0.058665</td>\n",
       "      <td>0.022246</td>\n",
       "      <td>-0.096791</td>\n",
       "      <td>0.037116</td>\n",
       "      <td>0.039432</td>\n",
       "      <td>0.093086</td>\n",
       "      <td>-0.067655</td>\n",
       "      <td>0.017216</td>\n",
       "      <td>-0.090429</td>\n",
       "      <td>-0.082484</td>\n",
       "      <td>-0.082516</td>\n",
       "      <td>0.126735</td>\n",
       "      <td>0.099218</td>\n",
       "    </tr>\n",
       "    <tr>\n",
       "      <th>Nrt_mean</th>\n",
       "      <td>-0.061613</td>\n",
       "      <td>0.016462</td>\n",
       "      <td>0.045685</td>\n",
       "      <td>-0.034665</td>\n",
       "      <td>0.045610</td>\n",
       "      <td>1.000000</td>\n",
       "      <td>-0.031245</td>\n",
       "      <td>-0.045440</td>\n",
       "      <td>-0.009224</td>\n",
       "      <td>-0.013705</td>\n",
       "      <td>0.013746</td>\n",
       "      <td>-0.029203</td>\n",
       "      <td>0.017340</td>\n",
       "      <td>-0.004791</td>\n",
       "      <td>0.048455</td>\n",
       "      <td>-0.008104</td>\n",
       "      <td>-0.023792</td>\n",
       "      <td>-0.023294</td>\n",
       "      <td>-0.066948</td>\n",
       "      <td>0.037109</td>\n",
       "    </tr>\n",
       "    <tr>\n",
       "      <th>HorCurv_mean</th>\n",
       "      <td>0.012705</td>\n",
       "      <td>0.004527</td>\n",
       "      <td>-0.015652</td>\n",
       "      <td>-0.056853</td>\n",
       "      <td>0.038519</td>\n",
       "      <td>-0.031245</td>\n",
       "      <td>1.000000</td>\n",
       "      <td>0.395561</td>\n",
       "      <td>0.034047</td>\n",
       "      <td>0.012486</td>\n",
       "      <td>0.002364</td>\n",
       "      <td>-0.003214</td>\n",
       "      <td>0.012654</td>\n",
       "      <td>-0.469621</td>\n",
       "      <td>0.001748</td>\n",
       "      <td>-0.013681</td>\n",
       "      <td>-0.004617</td>\n",
       "      <td>-0.004843</td>\n",
       "      <td>0.017640</td>\n",
       "      <td>0.009787</td>\n",
       "    </tr>\n",
       "    <tr>\n",
       "      <th>VertCurv_mean</th>\n",
       "      <td>0.002747</td>\n",
       "      <td>0.030659</td>\n",
       "      <td>-0.026713</td>\n",
       "      <td>-0.053094</td>\n",
       "      <td>0.058665</td>\n",
       "      <td>-0.045440</td>\n",
       "      <td>0.395561</td>\n",
       "      <td>1.000000</td>\n",
       "      <td>-0.013794</td>\n",
       "      <td>-0.015856</td>\n",
       "      <td>0.029401</td>\n",
       "      <td>-0.019513</td>\n",
       "      <td>0.058118</td>\n",
       "      <td>-0.432773</td>\n",
       "      <td>0.062975</td>\n",
       "      <td>-0.024662</td>\n",
       "      <td>-0.062702</td>\n",
       "      <td>-0.065805</td>\n",
       "      <td>-0.005247</td>\n",
       "      <td>0.047785</td>\n",
       "    </tr>\n",
       "    <tr>\n",
       "      <th>Slope_mean</th>\n",
       "      <td>-0.079070</td>\n",
       "      <td>-0.042944</td>\n",
       "      <td>0.108676</td>\n",
       "      <td>-0.006093</td>\n",
       "      <td>0.022246</td>\n",
       "      <td>-0.009224</td>\n",
       "      <td>0.034047</td>\n",
       "      <td>-0.013794</td>\n",
       "      <td>1.000000</td>\n",
       "      <td>0.418638</td>\n",
       "      <td>-0.158478</td>\n",
       "      <td>0.041320</td>\n",
       "      <td>-0.488553</td>\n",
       "      <td>-0.331227</td>\n",
       "      <td>-0.268755</td>\n",
       "      <td>0.187217</td>\n",
       "      <td>0.315660</td>\n",
       "      <td>0.314410</td>\n",
       "      <td>0.016567</td>\n",
       "      <td>-0.259680</td>\n",
       "    </tr>\n",
       "    <tr>\n",
       "      <th>Elev_mean</th>\n",
       "      <td>-0.151469</td>\n",
       "      <td>0.046548</td>\n",
       "      <td>0.107509</td>\n",
       "      <td>-0.131664</td>\n",
       "      <td>-0.096791</td>\n",
       "      <td>-0.013705</td>\n",
       "      <td>0.012486</td>\n",
       "      <td>-0.015856</td>\n",
       "      <td>0.418638</td>\n",
       "      <td>1.000000</td>\n",
       "      <td>-0.036179</td>\n",
       "      <td>0.055513</td>\n",
       "      <td>-0.784903</td>\n",
       "      <td>0.000288</td>\n",
       "      <td>-0.350369</td>\n",
       "      <td>0.642186</td>\n",
       "      <td>0.516992</td>\n",
       "      <td>0.517405</td>\n",
       "      <td>-0.206220</td>\n",
       "      <td>-0.657155</td>\n",
       "    </tr>\n",
       "    <tr>\n",
       "      <th>SoilThc_mean</th>\n",
       "      <td>-0.075698</td>\n",
       "      <td>0.168891</td>\n",
       "      <td>-0.060073</td>\n",
       "      <td>-0.031029</td>\n",
       "      <td>0.037116</td>\n",
       "      <td>0.013746</td>\n",
       "      <td>0.002364</td>\n",
       "      <td>0.029401</td>\n",
       "      <td>-0.158478</td>\n",
       "      <td>-0.036179</td>\n",
       "      <td>1.000000</td>\n",
       "      <td>-0.083338</td>\n",
       "      <td>0.189062</td>\n",
       "      <td>-0.000971</td>\n",
       "      <td>0.135917</td>\n",
       "      <td>0.137447</td>\n",
       "      <td>-0.166138</td>\n",
       "      <td>-0.165905</td>\n",
       "      <td>-0.222445</td>\n",
       "      <td>-0.089852</td>\n",
       "    </tr>\n",
       "    <tr>\n",
       "      <th>DistFlt_min</th>\n",
       "      <td>0.239285</td>\n",
       "      <td>-0.203010</td>\n",
       "      <td>-0.068090</td>\n",
       "      <td>-0.055903</td>\n",
       "      <td>0.039432</td>\n",
       "      <td>-0.029203</td>\n",
       "      <td>-0.003214</td>\n",
       "      <td>-0.019513</td>\n",
       "      <td>0.041320</td>\n",
       "      <td>0.055513</td>\n",
       "      <td>-0.083338</td>\n",
       "      <td>1.000000</td>\n",
       "      <td>0.002822</td>\n",
       "      <td>0.059006</td>\n",
       "      <td>-0.740862</td>\n",
       "      <td>0.134798</td>\n",
       "      <td>-0.041780</td>\n",
       "      <td>-0.041766</td>\n",
       "      <td>0.315297</td>\n",
       "      <td>-0.425630</td>\n",
       "    </tr>\n",
       "    <tr>\n",
       "      <th>LULC_majority</th>\n",
       "      <td>0.191900</td>\n",
       "      <td>0.058274</td>\n",
       "      <td>-0.227681</td>\n",
       "      <td>0.090246</td>\n",
       "      <td>0.093086</td>\n",
       "      <td>0.017340</td>\n",
       "      <td>0.012654</td>\n",
       "      <td>0.058118</td>\n",
       "      <td>-0.488553</td>\n",
       "      <td>-0.784903</td>\n",
       "      <td>0.189062</td>\n",
       "      <td>0.002822</td>\n",
       "      <td>1.000000</td>\n",
       "      <td>0.042952</td>\n",
       "      <td>0.279753</td>\n",
       "      <td>-0.402061</td>\n",
       "      <td>-0.567219</td>\n",
       "      <td>-0.566845</td>\n",
       "      <td>0.161306</td>\n",
       "      <td>0.426715</td>\n",
       "    </tr>\n",
       "    <tr>\n",
       "      <th>TWI_mean</th>\n",
       "      <td>0.021874</td>\n",
       "      <td>0.021337</td>\n",
       "      <td>-0.037263</td>\n",
       "      <td>0.075054</td>\n",
       "      <td>-0.067655</td>\n",
       "      <td>-0.004791</td>\n",
       "      <td>-0.469621</td>\n",
       "      <td>-0.432773</td>\n",
       "      <td>-0.331227</td>\n",
       "      <td>0.000288</td>\n",
       "      <td>-0.000971</td>\n",
       "      <td>0.059006</td>\n",
       "      <td>0.042952</td>\n",
       "      <td>1.000000</td>\n",
       "      <td>-0.021360</td>\n",
       "      <td>0.082563</td>\n",
       "      <td>-0.037114</td>\n",
       "      <td>-0.035639</td>\n",
       "      <td>-0.016399</td>\n",
       "      <td>-0.081594</td>\n",
       "    </tr>\n",
       "    <tr>\n",
       "      <th>PGA1_max</th>\n",
       "      <td>-0.096858</td>\n",
       "      <td>0.117078</td>\n",
       "      <td>0.000195</td>\n",
       "      <td>0.108645</td>\n",
       "      <td>0.017216</td>\n",
       "      <td>0.048455</td>\n",
       "      <td>0.001748</td>\n",
       "      <td>0.062975</td>\n",
       "      <td>-0.268755</td>\n",
       "      <td>-0.350369</td>\n",
       "      <td>0.135917</td>\n",
       "      <td>-0.740862</td>\n",
       "      <td>0.279753</td>\n",
       "      <td>-0.021360</td>\n",
       "      <td>1.000000</td>\n",
       "      <td>-0.282957</td>\n",
       "      <td>-0.176952</td>\n",
       "      <td>-0.177829</td>\n",
       "      <td>-0.156509</td>\n",
       "      <td>0.587830</td>\n",
       "    </tr>\n",
       "    <tr>\n",
       "      <th>Prc_mean</th>\n",
       "      <td>-0.075589</td>\n",
       "      <td>0.295438</td>\n",
       "      <td>-0.158999</td>\n",
       "      <td>-0.016612</td>\n",
       "      <td>-0.090429</td>\n",
       "      <td>-0.008104</td>\n",
       "      <td>-0.013681</td>\n",
       "      <td>-0.024662</td>\n",
       "      <td>0.187217</td>\n",
       "      <td>0.642186</td>\n",
       "      <td>0.137447</td>\n",
       "      <td>0.134798</td>\n",
       "      <td>-0.402061</td>\n",
       "      <td>0.082563</td>\n",
       "      <td>-0.282957</td>\n",
       "      <td>1.000000</td>\n",
       "      <td>0.176507</td>\n",
       "      <td>0.176744</td>\n",
       "      <td>-0.247361</td>\n",
       "      <td>-0.708939</td>\n",
       "    </tr>\n",
       "    <tr>\n",
       "      <th>Distrv_min</th>\n",
       "      <td>-0.076086</td>\n",
       "      <td>-0.130352</td>\n",
       "      <td>0.174238</td>\n",
       "      <td>-0.081769</td>\n",
       "      <td>-0.082484</td>\n",
       "      <td>-0.023792</td>\n",
       "      <td>-0.004617</td>\n",
       "      <td>-0.062702</td>\n",
       "      <td>0.315660</td>\n",
       "      <td>0.516992</td>\n",
       "      <td>-0.166138</td>\n",
       "      <td>-0.041780</td>\n",
       "      <td>-0.567219</td>\n",
       "      <td>-0.037114</td>\n",
       "      <td>-0.176952</td>\n",
       "      <td>0.176507</td>\n",
       "      <td>1.000000</td>\n",
       "      <td>0.999660</td>\n",
       "      <td>-0.150418</td>\n",
       "      <td>-0.227014</td>\n",
       "    </tr>\n",
       "    <tr>\n",
       "      <th>distrd_min</th>\n",
       "      <td>-0.076118</td>\n",
       "      <td>-0.130540</td>\n",
       "      <td>0.174417</td>\n",
       "      <td>-0.082301</td>\n",
       "      <td>-0.082516</td>\n",
       "      <td>-0.023294</td>\n",
       "      <td>-0.004843</td>\n",
       "      <td>-0.065805</td>\n",
       "      <td>0.314410</td>\n",
       "      <td>0.517405</td>\n",
       "      <td>-0.165905</td>\n",
       "      <td>-0.041766</td>\n",
       "      <td>-0.566845</td>\n",
       "      <td>-0.035639</td>\n",
       "      <td>-0.177829</td>\n",
       "      <td>0.176744</td>\n",
       "      <td>0.999660</td>\n",
       "      <td>1.000000</td>\n",
       "      <td>-0.150655</td>\n",
       "      <td>-0.227551</td>\n",
       "    </tr>\n",
       "    <tr>\n",
       "      <th>BUK_mean</th>\n",
       "      <td>0.298907</td>\n",
       "      <td>-0.126250</td>\n",
       "      <td>-0.184735</td>\n",
       "      <td>0.231954</td>\n",
       "      <td>0.126735</td>\n",
       "      <td>-0.066948</td>\n",
       "      <td>0.017640</td>\n",
       "      <td>-0.005247</td>\n",
       "      <td>0.016567</td>\n",
       "      <td>-0.206220</td>\n",
       "      <td>-0.222445</td>\n",
       "      <td>0.315297</td>\n",
       "      <td>0.161306</td>\n",
       "      <td>-0.016399</td>\n",
       "      <td>-0.156509</td>\n",
       "      <td>-0.247361</td>\n",
       "      <td>-0.150418</td>\n",
       "      <td>-0.150655</td>\n",
       "      <td>1.000000</td>\n",
       "      <td>0.203643</td>\n",
       "    </tr>\n",
       "    <tr>\n",
       "      <th>Soil_Type</th>\n",
       "      <td>0.031595</td>\n",
       "      <td>-0.110115</td>\n",
       "      <td>0.055975</td>\n",
       "      <td>0.115777</td>\n",
       "      <td>0.099218</td>\n",
       "      <td>0.037109</td>\n",
       "      <td>0.009787</td>\n",
       "      <td>0.047785</td>\n",
       "      <td>-0.259680</td>\n",
       "      <td>-0.657155</td>\n",
       "      <td>-0.089852</td>\n",
       "      <td>-0.425630</td>\n",
       "      <td>0.426715</td>\n",
       "      <td>-0.081594</td>\n",
       "      <td>0.587830</td>\n",
       "      <td>-0.708939</td>\n",
       "      <td>-0.227014</td>\n",
       "      <td>-0.227551</td>\n",
       "      <td>0.203643</td>\n",
       "      <td>1.000000</td>\n",
       "    </tr>\n",
       "  </tbody>\n",
       "</table>\n",
       "</div>"
      ],
      "text/plain": [
       "               Clay_mean  Sand_mean  Silt_mean  NDVI_mean  Est_mean  Nrt_mean  HorCurv_mean  VertCurv_mean  Slope_mean  Elev_mean  SoilThc_mean  DistFlt_min  LULC_majority  TWI_mean  PGA1_max  Prc_mean  Distrv_min  distrd_min  BUK_mean  Soil_Type\n",
       "Clay_mean       1.000000  -0.343836  -0.679170   0.176717  0.023641 -0.061613      0.012705       0.002747   -0.079070  -0.151469     -0.075698     0.239285       0.191900  0.021874 -0.096858 -0.075589   -0.076086   -0.076118  0.298907   0.031595\n",
       "Sand_mean      -0.343836   1.000000  -0.455540   0.111674 -0.047792  0.016462      0.004527       0.030659   -0.042944   0.046548      0.168891    -0.203010       0.058274  0.021337  0.117078  0.295438   -0.130352   -0.130540 -0.126250  -0.110115\n",
       "Silt_mean      -0.679170  -0.455540   1.000000  -0.255051  0.015104  0.045685     -0.015652      -0.026713    0.108676   0.107509     -0.060073    -0.068090      -0.227681 -0.037263  0.000195 -0.158999    0.174238    0.174417 -0.184735   0.055975\n",
       "NDVI_mean       0.176717   0.111674  -0.255051   1.000000  0.018002 -0.034665     -0.056853      -0.053094   -0.006093  -0.131664     -0.031029    -0.055903       0.090246  0.075054  0.108645 -0.016612   -0.081769   -0.082301  0.231954   0.115777\n",
       "Est_mean        0.023641  -0.047792   0.015104   0.018002  1.000000  0.045610      0.038519       0.058665    0.022246  -0.096791      0.037116     0.039432       0.093086 -0.067655  0.017216 -0.090429   -0.082484   -0.082516  0.126735   0.099218\n",
       "Nrt_mean       -0.061613   0.016462   0.045685  -0.034665  0.045610  1.000000     -0.031245      -0.045440   -0.009224  -0.013705      0.013746    -0.029203       0.017340 -0.004791  0.048455 -0.008104   -0.023792   -0.023294 -0.066948   0.037109\n",
       "HorCurv_mean    0.012705   0.004527  -0.015652  -0.056853  0.038519 -0.031245      1.000000       0.395561    0.034047   0.012486      0.002364    -0.003214       0.012654 -0.469621  0.001748 -0.013681   -0.004617   -0.004843  0.017640   0.009787\n",
       "VertCurv_mean   0.002747   0.030659  -0.026713  -0.053094  0.058665 -0.045440      0.395561       1.000000   -0.013794  -0.015856      0.029401    -0.019513       0.058118 -0.432773  0.062975 -0.024662   -0.062702   -0.065805 -0.005247   0.047785\n",
       "Slope_mean     -0.079070  -0.042944   0.108676  -0.006093  0.022246 -0.009224      0.034047      -0.013794    1.000000   0.418638     -0.158478     0.041320      -0.488553 -0.331227 -0.268755  0.187217    0.315660    0.314410  0.016567  -0.259680\n",
       "Elev_mean      -0.151469   0.046548   0.107509  -0.131664 -0.096791 -0.013705      0.012486      -0.015856    0.418638   1.000000     -0.036179     0.055513      -0.784903  0.000288 -0.350369  0.642186    0.516992    0.517405 -0.206220  -0.657155\n",
       "SoilThc_mean   -0.075698   0.168891  -0.060073  -0.031029  0.037116  0.013746      0.002364       0.029401   -0.158478  -0.036179      1.000000    -0.083338       0.189062 -0.000971  0.135917  0.137447   -0.166138   -0.165905 -0.222445  -0.089852\n",
       "DistFlt_min     0.239285  -0.203010  -0.068090  -0.055903  0.039432 -0.029203     -0.003214      -0.019513    0.041320   0.055513     -0.083338     1.000000       0.002822  0.059006 -0.740862  0.134798   -0.041780   -0.041766  0.315297  -0.425630\n",
       "LULC_majority   0.191900   0.058274  -0.227681   0.090246  0.093086  0.017340      0.012654       0.058118   -0.488553  -0.784903      0.189062     0.002822       1.000000  0.042952  0.279753 -0.402061   -0.567219   -0.566845  0.161306   0.426715\n",
       "TWI_mean        0.021874   0.021337  -0.037263   0.075054 -0.067655 -0.004791     -0.469621      -0.432773   -0.331227   0.000288     -0.000971     0.059006       0.042952  1.000000 -0.021360  0.082563   -0.037114   -0.035639 -0.016399  -0.081594\n",
       "PGA1_max       -0.096858   0.117078   0.000195   0.108645  0.017216  0.048455      0.001748       0.062975   -0.268755  -0.350369      0.135917    -0.740862       0.279753 -0.021360  1.000000 -0.282957   -0.176952   -0.177829 -0.156509   0.587830\n",
       "Prc_mean       -0.075589   0.295438  -0.158999  -0.016612 -0.090429 -0.008104     -0.013681      -0.024662    0.187217   0.642186      0.137447     0.134798      -0.402061  0.082563 -0.282957  1.000000    0.176507    0.176744 -0.247361  -0.708939\n",
       "Distrv_min     -0.076086  -0.130352   0.174238  -0.081769 -0.082484 -0.023792     -0.004617      -0.062702    0.315660   0.516992     -0.166138    -0.041780      -0.567219 -0.037114 -0.176952  0.176507    1.000000    0.999660 -0.150418  -0.227014\n",
       "distrd_min     -0.076118  -0.130540   0.174417  -0.082301 -0.082516 -0.023294     -0.004843      -0.065805    0.314410   0.517405     -0.165905    -0.041766      -0.566845 -0.035639 -0.177829  0.176744    0.999660    1.000000 -0.150655  -0.227551\n",
       "BUK_mean        0.298907  -0.126250  -0.184735   0.231954  0.126735 -0.066948      0.017640      -0.005247    0.016567  -0.206220     -0.222445     0.315297       0.161306 -0.016399 -0.156509 -0.247361   -0.150418   -0.150655  1.000000   0.203643\n",
       "Soil_Type       0.031595  -0.110115   0.055975   0.115777  0.099218  0.037109      0.009787       0.047785   -0.259680  -0.657155     -0.089852    -0.425630       0.426715 -0.081594  0.587830 -0.708939   -0.227014   -0.227551  0.203643   1.000000"
      ]
     },
     "execution_count": 42,
     "metadata": {},
     "output_type": "execute_result"
    }
   ],
   "source": [
    "df[sampling_columns].corr()"
   ]
  },
  {
   "cell_type": "code",
   "execution_count": 43,
   "id": "bea6f60e-d354-4545-8d84-f329dd13ed38",
   "metadata": {},
   "outputs": [
    {
     "data": {
